#,SeasonStart,PlayerName,PlayerSalary ,Pos,Age,Tm,G,GS,MP,PER,TS%,3PAr,FTr,ORB%,DRB%,TRB%,AST%,STL%,BLK%,TOV%,USG%,blanl,OWS,DWS,WS,WS/48,blank2,OBPM,DBPM,BPM,VORP,FG,FGA,FG%,3P,3PA,3P%,2P,2PA,2P%,eFG%,FT,FTA,FT%,ORB,DRB,TRB,AST,STL,BLK,TOV,PF,PTS
8035,1986,A.C. Green,,PF,22,LAL,82,1,1542,11.8,56.40%,0.015,43.00%,12.4,15.5,14,4.2,1.5,1.7,17.7,14.7,,1.4,2,3.3,0.103,,-0.5,0.8,0.3,0.9,209,388,53.90%,1,6,0.167,208,382,54.50%,54.00%,102,167,61.10%,160,221,381,54,49,49,99,229,521
8420,1987,A.C. Green,,PF,23,LAL,79,72,2240,15.7,59.90%,0.009,48.00%,11.2,18.8,15.3,4.6,1.5,2,12.5,14.7,,4.3,3.3,7.6,0.163,,0.6,1,1.7,2.1,316,587,53.80%,0,5,0,316,582,54.30%,53.80%,220,282,78.00%,210,405,615,84,70,80,102,171,852
8807,1988,A.C. Green,,PF,24,LAL,82,64,2636,14.5,58.10%,0.003,59.20%,11.1,19.1,15.3,4.5,1.6,1,12.9,14.7,,4.5,3.4,7.9,0.144,,0.2,0.8,1,2,322,640,50.30%,0,2,0,322,638,50.50%,50.30%,293,379,77.30%,245,465,710,93,87,45,120,204,937
9242,1989,A.C. Green,,PF,25,LAL,82,82,2510,17.8,59.40%,0.022,47.40%,12.3,20,16.4,5.5,1.8,1.2,11.5,17,,5.8,3.5,9.4,0.179,,1.6,0.6,2.2,2.7,401,758,52.90%,4,17,0.235,397,741,53.60%,53.20%,282,359,78.60%,258,481,739,103,94,55,119,172,1088
9688,1990,A.C. Green,"$1,750,000.00 ",PF,26,LAL,82,82,2709,14.7,54.80%,0.057,45.90%,11.5,18.4,15.1,4.6,1.2,1.1,10.7,17.1,,4.4,3.3,7.7,0.137,,0.3,0,0.4,1.6,385,806,47.80%,13,46,0.283,372,760,48.90%,48.60%,278,370,75.10%,262,450,712,90,66,50,116,207,1061
10166,1991,A.C. Green,"$1,750,000.00 ",PF,27,LAL,82,21,2164,13.8,55.60%,0.101,55.70%,11.3,16.2,13.8,4.5,1.4,0.6,12.8,15.6,,3.2,2.9,6.1,0.135,,0,0.6,0.5,1.4,258,542,47.60%,11,55,0.2,247,487,50.70%,48.60%,223,302,73.80%,201,315,516,71,59,23,99,117,750
10617,1992,A.C. Green,"$1,750,000.00 ",PF,28,LAL,82,53,2902,16.7,55.60%,0.07,56.90%,11.8,18.2,14.9,6,1.6,0.8,10,16.8,,5.8,2.9,8.8,0.145,,1.2,0.2,1.4,2.5,382,803,47.60%,12,56,0.214,370,747,49.50%,48.30%,340,457,74.40%,306,456,762,117,91,36,111,141,1116
11060,1993,A.C. Green,"$1,885,000.00 ",PF,29,LAL,82,55,2819,16.3,60.30%,0.065,53.10%,11.5,17.3,14.4,5.9,1.6,0.9,11.8,15,,6.1,2.6,8.6,0.147,,1.6,0.5,2.1,2.9,379,706,53.70%,16,46,0.348,363,660,55.00%,54.80%,277,375,73.90%,287,424,711,116,88,39,116,149,1051
11529,1994,A.C. Green,"$6,472,600.00 ",PF,30,PHO,82,55,2825,17,55.50%,0.038,39.10%,11.1,18.8,15,6.9,1.2,0.8,8.4,17.6,,6.7,2.6,9.3,0.157,,1.5,-0.3,1.2,2.3,465,926,50.20%,8,35,0.229,457,891,51.30%,50.60%,266,362,73.50%,275,478,753,137,70,38,100,142,1204
11999,1995,A.C. Green,"$6,473,000.00 ",SF,31,PHO,82,52,2687,14.2,59.60%,0.206,55.60%,8.3,20.4,14.3,6.5,1,0.8,12.9,14.2,,4.6,2.1,6.7,0.12,,0.6,0.2,0.7,1.9,311,617,50.40%,43,127,0.339,268,490,54.70%,53.90%,251,343,73.20%,194,475,669,127,55,31,114,146,916
12477,1996,A.C. Green,"$4,851,000.00 ",SF,32,PHO,82,36,2113,12.9,55.80%,0.117,53.40%,9.2,20.9,15.2,4.9,1.1,0.8,12.6,13.2,,2.7,1.7,4.4,0.1,,-1.1,-0.3,-1.4,0.3,215,444,48.40%,14,52,0.269,201,392,51.30%,50.00%,168,237,70.90%,166,388,554,72,45,23,79,141,612
13034,1997,A.C. Green,,PF,33,TOT,83,73,2492,12.4,52.30%,0.041,40.70%,10.2,20.5,15.3,4.4,1.5,0.5,11.5,11.8,,2.4,2.4,4.8,0.093,,-1.8,0.7,-1.1,0.6,234,484,48.30%,1,20,0.05,233,464,50.20%,48.50%,128,197,65.00%,222,434,656,69,70,16,74,145,597
13035,1997,A.C. Green,,PF,33,PHO,27,19,548,11.6,51.30%,0.023,37.50%,7.1,22.2,14.7,4.6,1.7,0.1,11.8,13.9,,0.3,0.5,0.8,0.073,,-3.1,-0.2,-3.3,-0.2,61,128,47.70%,0,3,0,61,125,48.80%,47.70%,31,48,64.60%,33,105,138,17,18,1,20,34,153
13036,1997,A.C. Green,,PF,33,DAL,56,54,1944,12.6,52.70%,0.048,41.90%,11.1,20,15.5,4.3,1.4,0.6,11.4,11.2,,2.2,1.8,4,0.099,,-1.4,0.9,-0.5,0.7,173,356,48.60%,1,17,0.059,172,339,50.70%,48.70%,97,149,65.10%,189,329,518,52,52,15,54,111,444
13600,1998,A.C. Green,"$5,125,088.00 ",PF,34,DAL,82,68,2649,12.8,49.60%,0.007,30.30%,9,19.3,14,7.3,1.6,0.7,10.1,11.6,,2.8,2.4,5.2,0.095,,-1.7,1,-0.7,0.9,242,534,45.30%,0,4,0,242,530,45.70%,45.30%,116,162,71.60%,219,449,668,123,78,27,68,157,600
14139,1999,A.C. Green,"$1,700,000.00 ",PF,35,DAL,50,35,924,12.5,44.10%,0.031,20.30%,9.9,17.8,13.9,4.5,1.6,0.6,6.4,14.8,,0.7,0.7,1.4,0.074,,-1.9,-0.9,-2.8,-0.2,108,256,42.20%,0,8,0,108,248,43.50%,42.20%,30,52,57.70%,82,146,228,25,28,8,19,69,246
14648,2000,A.C. Green,"$2,250,000.00 ",PF,36,LAL,82,82,1929,11.2,48.20%,0.01,24.50%,9,17.9,13.5,5.9,1.4,0.7,11,11,,1.7,3.3,5,0.124,,-2,1.8,-0.2,0.9,173,387,44.70%,1,4,0.25,172,383,44.90%,44.80%,66,95,69.50%,160,326,486,80,53,18,53,127,413
15148,2001,A.C. Green,,PF,37,MIA,82,1,1411,11.2,49.20%,0.019,34.30%,9,17.3,13.2,4.8,1.2,0.4,10.8,14.4,,1.1,2.1,3.2,0.11,,-3.2,0.2,-3,-0.3,144,324,44.40%,0,6,0,144,318,45.30%,44.40%,79,111,71.20%,107,206,313,39,30,8,45,119,367
14526,2000,A.J. Bramlett,,C,23,CLE,8,0,61,-0.4,19.00%,0,0.00%,21.7,18.5,20.1,0,0.8,0,12.5,17.1,,-0.2,0.1,-0.2,-0.129,,-10.5,-6.3,-16.8,-0.2,4,21,19.00%,0,0,,4,21,19.00%,19.00%,0,0,,12,10,22,0,1,0,3,13,8
10130,1991,A.J. English,"$325,000.00 ",SG,23,WSB,70,12,1443,10.6,48.00%,0.054,27.40%,5,6.2,5.6,18,0.9,0.6,15.1,21.8,,-0.5,0.7,0.2,0.008,,-2.5,-2.3,-4.8,-1,251,572,43.90%,3,31,0.097,248,541,45.80%,44.10%,111,157,70.70%,66,81,147,177,25,15,114,127,616
10583,1992,A.J. English,"$406,000.00 ",SG,24,WSB,81,6,1665,12.5,48.00%,0.04,20.80%,4.8,6.3,5.5,13.7,0.9,0.3,8.8,25.6,,0.1,0.7,0.9,0.025,,-2,-3.4,-5.4,-1.4,366,846,43.30%,6,34,0.176,360,812,44.30%,43.60%,148,176,84.10%,74,94,168,143,32,9,89,160,886
15151,2001,A.J. Guyton,"$465,850.00 ",PG,22,CHI,33,8,630,10.3,49.50%,0.359,9.40%,1.8,5.1,3.4,18.1,0.8,0.6,10.7,16.5,,0.4,-0.1,0.3,0.02,,-1.5,-4.4,-5.9,-0.6,78,192,40.60%,27,69,0.391,51,123,41.50%,47.70%,15,18,83.30%,10,26,36,64,9,5,24,35,198
15684,2002,A.J. Guyton,"$18,748.00 ",PG,23,CHI,45,6,607,11.8,47.70%,0.504,11.10%,2.3,6.3,4.2,23.6,0.9,0.9,12.6,22.2,,0,0,0.1,0.006,,-0.3,-4.4,-4.7,-0.4,88,244,36.10%,46,123,0.374,42,121,34.70%,45.50%,22,27,81.50%,12,32,44,81,10,7,37,23,244
16172,2003,A.J. Guyton,,PG,24,GSW,2,0,9,-9,0.00%,0.25,0.00%,0,0,0,28.7,5.7,0,20,23.6,,-0.1,0,-0.1,-0.45,,-16.4,-6,-22.4,0,0,4,0.00%,0,1,0,0,3,0.00%,0.00%,0,0,,0,0,0,2,1,0,1,0,0
